1242.0;23.5;54.1
1238.5;23.5;54.1
1236.0;23.5;54.1
1235.25;23.5;54.125
1235.6;23.5;54.14
1236.3333333333333;23.5;54.15
1237.0;23.5;54.15714285714285
1237.75;23.5;54.162499999999994
1239.2222222222222;23.5;54.15555555555555
1240.3;23.5;54.15
1240.909090909091;23.5;54.154545454545456
1241.5833333333333;23.5;54.150000000000006
1241.7692307692307;23.5;54.14615384615385
1242.5714285714287;23.5;54.14285714285715
1243.6666666666667;23.5;54.13333333333334
1244.75;23.5;54.12500000000001
1244.0;23.5;54.117647058823536
1244.6666666666667;23.5;54.116666666666674
1245.0526315789473;23.5;54.11578947368421
1245.2;23.5;54.105000000000004
1245.2857142857142;23.5;54.10000000000001
1245.2727272727273;23.5;54.09545454545455
1244.9130434782608;23.5;54.091304347826096
1244.5833333333333;23.5;54.087500000000006
1244.84;23.5;54.084
1244.7692307692307;23.5;54.080769230769235
1245.0740740740741;23.5;54.07777777777778
1245.6785714285713;23.5;54.075
1245.5862068965516;23.5;54.07241379310345
1245.6666666666667;23.5;54.07000000000001
1245.741935483871;23.5;54.06451612903226
1245.96875;23.5;54.05937500000001
1245.7575757575758;23.5;54.05454545454547
1245.5;23.5;54.05000000000001
1245.3428571428572;23.5;54.045714285714304
1245.361111111111;23.5;54.041666666666686
1274.2162162162163;23.49;53.20621621621624
1273.6052631578948;23.490263157894738;53.22447368421055
1273.0;23.49051282051282;53.24179487179489
1272.475;23.49075;53.25825000000002
1271.8536585365853;23.4909756097561;53.27146341463417
1271.1190476190477;23.491190476190475;53.28404761904765
1270.6279069767443;23.49139534883721;53.29604651162794
1270.1136363636363;23.491590909090913;53.30750000000003
1269.6;23.49177777777778;53.31844444444448
1269.195652173913;23.491956521739134;53.3289130434783
1268.6382978723404;23.49212765957447;53.33893617021281
1268.125;23.49229166666667;53.34645833333337
1267.469387755102;23.49244897959184;53.35571428571433
1267.1;23.492600000000003;53.364600000000046
1267.0;23.49274509803922;53.37313725490201
1266.8846153846155;23.492884615384618;53.3813461538462
1266.3396226415093;23.49301886792453;53.38924528301892
1266.0;23.49314814814815;53.396851851851906
1265.7272727272727;23.49327272727273;53.404181818181875
1265.357142857143;23.493392857142858;53.41125000000006
1265.0350877192982;23.493508771929825;53.41807017543866
1264.8275862068965;23.493620689655174;53.42465517241386
1264.6101694915253;23.493728813559326;53.429322033898366
1264.3833333333334;23.493833333333335;53.43383333333339
1264.032786885246;23.49393442622951;53.43819672131153
1263.725806451613;23.494032258064518;53.442419354838755
1263.4920634920634;23.494126984126986;53.446507936507984
1263.28125;23.49421875;53.45046875000004
1263.0153846153846;23.494307692307693;53.45430769230773
1262.8333333333333;23.49439393939394;53.45803030303034
1262.55223880597;23.4944776119403;53.461641791044805
1262.5588235294117;23.494558823529413;53.46514705882356
1262.4927536231885;23.49463768115942;53.46855072463771
1262.1142857142856;23.494714285714288;53.47185714285717
1261.8732394366198;23.49478873239437;53.47507042253523
1261.6944444444443;23.494861111111113;53.47819444444446
1261.3698630136987;23.494931506849316;53.48123287671234
1261.2297297297298;23.495;53.4841891891892
1261.0266666666666;23.49506666666667;53.48706666666668
1260.8026315789473;23.49513157894737;53.48986842105264
1260.5844155844156;23.495194805194807;53.49129870129871
1260.474358974359;23.495256410256413;53.49269230769232
1260.1518987341772;23.495316455696205;53.49531645569621
1259.975;23.495375000000003;53.49787500000001
1259.79012345679;23.495432098765434;53.500370370370376
1259.5975609756097;23.49548780487805;53.502804878048785
1259.4819277108434;23.4955421686747;53.505180722891566
1259.5;23.49559523809524;53.5075
1259.4;23.49564705882353;53.509764705882354
1259.2790697674418;23.495697674418604;53.51197674418604
1259.16091954023;23.495747126436783;53.514137931034476
1259.0795454545455;23.495795454545455;53.51624999999999
1258.9550561797753;23.495842696629214;53.51831460674156
1258.8111111111111;23.49588888888889;53.51922222222222
1258.6923076923076;23.495934065934065;53.520109890109886
1258.5217391304348;23.495978260869567;53.52097826086957
1258.3548387096773;23.496021505376344;53.521827956989256
1258.340425531915;23.496063829787236;53.52372340425532
1258.2421052631578;23.496105263157897;53.52557894736842
1258.15625;23.496145833333333;53.52635416666667
1258.0;23.49618556701031;53.527113402061865
1257.8265306122448;23.49622448979592;53.528877551020415
1257.6262626262626;23.496262626262627;53.52959595959597
1257.49;23.4963;53.53030000000002
1257.4059405940593;23.49633663366337;53.53099009900992
1257.3529411764705;23.496372549019608;53.53166666666669
1257.2815533980583;23.49640776699029;53.5323300970874
1257.1538461538462;23.49644230769231;53.53201923076926
1257.0190476190476;23.49647619047619;53.53171428571431
1257.0094339622642;23.496509433962267;53.53141509433965
1257.0280373831777;23.496542056074766;53.53112149532713
1256.8055555555557;23.496574074074076;53.52990740740743
1256.633027522936;23.49660550458716;53.528715596330294
1256.5636363636363;23.496636363636366;53.52754545454547
1256.4054054054054;23.496666666666666;53.52549549549551
1256.3125;23.49669642857143;53.52348214285716
1256.1504424778761;23.496725663716816;53.52238938053099
1256.1754385964912;23.496754385964913;53.5213157894737
1256.0869565217392;23.496782608695653;53.52026086956523
1255.9913793103449;23.496810344827587;53.51922413793104
1256.0;23.49683760683761;53.51820512820513
1255.915254237288;23.49686440677966;53.517203389830506
1255.7478991596638;23.497731092436975;53.51621848739495
1255.625;23.498583333333332;53.515249999999995
1255.5206611570247;23.499421487603303;53.51512396694214
1255.377049180328;23.499426229508195;53.51499999999999
1255.260162601626;23.49943089430894;53.51487804878048
1255.1612903225807;23.500241935483867;53.51475806451612
1255.088;23.500239999999998;53.51463999999999
1255.0238095238096;23.500238095238092;53.5145238095238
1255.0551181102362;23.501023622047242;53.51440944881889
1254.953125;23.501796874999997;53.51429687499999
1254.891472868217;23.50178294573643;53.513410852713164
1254.9;23.502538461538457;53.513307692307684
1254.8015267175572;23.503282442748088;53.51320610687022
1254.7272727272727;23.504015151515148;53.51310606060605
1254.6616541353383;23.503984962406008;53.51300751879698
1254.6492537313434;23.50395522388059;53.512910447761186
1254.5111111111112;23.50466666666666;53.512074074074064
1254.389705882353;23.50536764705882;53.51124999999998
1254.3284671532847;23.506058394160576;53.51043795620436
1254.2898550724638;23.506739130434774;53.508913043478245
1254.2086330935251;23.506690647482007;53.50741007194243
1254.2428571428572;23.50664285714285;53.505928571428555
1254.113475177305;23.507304964539;53.50446808510637
1253.9577464788733;23.507957746478866;53.50302816901407
1254.0;23.50860139860139;53.50160839160838
1254.013888888889;23.5092361111111;53.500208333333326
1253.9586206896552;23.509862068965507;53.49882758620689
1253.8972602739725;23.510479452054785;53.49746575342465
1253.8299319727892;23.511088435374138;53.49544217687074
1253.7635135135135;23.511689189189177;53.493445945945936
1253.6778523489934;23.512281879194617;53.492147651006704
1253.58;23.512866666666653;53.49086666666666
1253.5033112582782;23.51344370860926;53.48960264900662
1253.4407894736842;23.514013157894723;53.48835526315789
1253.3660130718954;23.51457516339868;53.487124183006536
1253.3116883116884;23.515129870129854;53.48590909090909
1253.1935483870968;23.515677419354823;53.48406451612904
1253.1666666666667;23.516217948717934;53.4822435897436
1253.095541401274;23.51675159235667;53.480445859872624
1253.0253164556962;23.517278481012642;53.47930379746836
1252.9748427672955;23.517798742138346;53.478176100628936
1252.9125;23.518312499999983;53.47643750000001
1252.8260869565217;23.51881987577638;53.47534161490684
1252.783950617284;23.519320987654304;53.474259259259256
1252.8282208588957;23.519815950920226;53.47319018404907
1252.689024390244;23.520304878048762;53.4715243902439
1252.5757575757575;23.520787878787857;53.46987878787879
1252.5060240963855;23.521265060240943;53.4682530120482
1252.4191616766468;23.521736526946086;53.466646706586836
1252.3214285714287;23.522202380952358;53.46505952380954
1252.2011834319526;23.522662721893468;53.462899408284045
1252.1823529411765;23.5231176470588;53.460764705882376
1252.157894736842;23.523567251461966;53.45865497076026
1252.1279069767443;23.524011627906955;53.456569767441884
1252.0809248554913;23.524450867052;53.454508670520255
1252.0747126436781;23.52488505747124;53.452471264367844
1252.0057142857142;23.525314285714263;53.450457142857175
1252.034090909091;23.525738636363613;53.44846590909094
1251.9604519774011;23.526158192090374;53.446497175141275
1251.9494382022472;23.526573033707848;53.44455056179779
1251.9329608938547;23.526983240223448;53.44262569832406
1251.8722222222223;23.527388888888876;53.44072222222226
1251.8453038674033;23.52779005524861;53.43883977900557
1251.8241758241759;23.528186813186803;53.436978021978064
1251.8032786885246;23.52857923497267;53.434590163934466
1251.6847826086957;23.52896739130434;53.43277173913048
1251.654054054054;23.529351351351348;53.43097297297302
1251.5967741935483;23.529731182795697;53.42919354838715
1251.5561497326203;23.53010695187166;53.427433155080266
1251.526595744681;23.530478723404258;53.42569148936175
1251.5555555555557;23.530846560846566;53.423968253968305
1251.5105263157895;23.531210526315796;53.42226315789479
1251.4450261780105;23.53157068062828;53.420575916230426
1251.359375;23.531927083333343;53.418906250000056
1251.3782383419689;23.532279792746127;53.41725388601042
1251.360824742268;23.532628865979394;53.41561855670109
1251.3589743589744;23.532974358974375;53.414000000000065
1251.3775510204082;23.53331632653063;53.412397959183735
1251.3248730964467;23.533654822335045;53.41081218274118
1251.3181818181818;23.53398989898992;53.40924242424249
1251.3165829145728;23.534321608040223;53.407688442211125
1251.335;23.534650000000024;53.40615000000007
1251.3432835820895;23.534975124378136;53.404626865671716
1251.3069306930693;23.535297029703;53.403118811881264
1251.2512315270935;23.535615763546826;53.40162561576362
1251.1813725490197;23.53593137254905;53.399656862745175
1251.1073170731706;23.536243902439058;53.39770731707325
1251.0631067961165;23.536553398058288;53.3957766990292
1251.1062801932367;23.53685990338168;53.39386473429959
1251.0432692307693;23.537163461538498;53.39197115384623
1251.0191387559807;23.537464114832574;53.38961722488045
1251.0047619047618;23.537761904761947;53.38728571428578
1250.9810426540284;23.538056872037956;53.3849763033176
1250.9528301886792;23.538349056603817;53.38221698113214
1250.924882629108;23.538638497652627;53.37948356807518
1250.8785046728972;23.538925233644907;53.376308411215014
1250.827906976744;23.53920930232563;53.37316279069774
1250.8472222222222;23.53949074074079;53.370046296296366
1250.857142857143;23.539769585253506;53.36741935483877
1250.8532110091744;23.540045871559684;53.36481651376153
1250.8082191780823;23.54031963470325;53.362237442922435
1250.840909090909;23.540590909090962;53.35968181818187
1250.841628959276;23.540859728506845;53.357149321267016
1250.7927927927929;23.54157657657663;53.354639639639686
1250.793721973094;23.541838565022477;53.352152466367755
1250.7410714285713;23.542098214285772;53.34968750000004
1250.7111111111112;23.542355555555616;53.347688888888925
1250.6946902654868;23.54305309734519;53.3452654867257
1250.6960352422907;23.54374449339213;53.34286343612338
1250.6359649122808;23.54442982456146;53.34092105263161
1250.6026200873362;23.545109170305732;53.3389956331878
1250.5869565217392;23.545782608695706;53.337086956521766
1250.5584415584415;23.54645021645027;53.33519480519483
1250.5;23.547112068965568;53.333318965517265
1250.5364806866953;23.547339055794044;53.33145922746783
1250.517094017094;23.547564102564156;53.32918803418805
1250.5489361702128;23.54778723404261;53.32693617021278
1250.5805084745762;23.548432203389886;53.32470338983052
1250.5147679324893;23.54907172995786;53.322489451476805
1250.4705882352941;23.549705882352995;53.320294117647066
1250.4225941422594;23.550334728033526;53.318117154811716
1250.3958333333333;23.55054166666672;53.315541666666675
1250.3360995850621;23.55074688796686;53.31298755186723
1250.3223140495868;23.55136363636369;53.310041322314056
1250.2880658436213;23.551975308642028;53.3071193415638
1250.2581967213114;23.552581967213168;53.30422131147542
1250.2489795918368;23.552775510204135;53.30093877551022
1250.1747967479675;23.55296747967485;53.29768292682928
1250.1376518218624;23.55356275303649;53.29445344129556
1250.0846774193549;23.554153225806505;53.29125000000001
1250.012048192771;23.554738955823346;53.28807228915664
1249.952;23.554920000000052;53.284520000000015
1249.9003984063745;23.55549800796818;53.28099601593627
1249.845238095238;23.556071428571478;53.27750000000001
1249.806324110672;23.55624505928859;53.274031620553366
1249.7716535433071;23.5568110236221;53.270984251968514
1249.721568627451;23.557372549019657;53.26796078431373
1249.703125;23.55753906250005;53.26496093750001
1249.704280155642;23.557704280155694;53.26198443579767
1249.6899224806202;23.557868217054317;53.25903100775194
1249.6138996138995;23.55841698841704;53.25610038610039
1249.55;23.558961538461592;53.253192307692316
1249.5249042145595;23.559118773946413;53.25030651340997
1249.4847328244275;23.55927480916036;53.24744274809161
1249.4562737642586;23.559429657794734;53.24460076045628
1249.4128787878788;23.559962121212177;53.2421590909091
1249.445283018868;23.56049056603779;53.239735849056615
1249.4661654135339;23.560639097744417;53.23733082706768
1249.4494382022472;23.561161048689193;53.23494382022473
1249.4253731343283;23.561679104477665;53.232574626865684
1249.4126394052046;23.56219330855024;53.230223048327154
1249.3851851851853;23.562703703703754;53.228259259259275
1249.4132841328412;23.56321033210337;53.22630996309965
1249.4007352941176;23.563713235294166;53.22437500000002
1249.3809523809523;23.5642124542125;53.22245421245424
1249.3613138686133;23.564708029197128;53.220547445255505
1249.3454545454545;23.564836363636413;53.21829090909094
1249.3260869565217;23.56532608695657;53.21641304347829
1249.2996389891696;23.56581227436828;53.21454873646213
1249.2913669064749;23.566294964028824;53.21233812949644
1249.3010752688172;23.566774193548433;53.21014336917566
1249.2714285714285;23.567250000000044;53.208321428571466
1249.2491103202847;23.567366548042752;53.206156583629934
1249.2801418439717;23.567482269503593;53.20400709219862
1249.2402826855123;23.567597173144925;53.202226148409935
1249.2007042253522;23.56806338028174;53.20045774647892
1249.1859649122807;23.56852631578952;53.198701754386015
1249.1783216783217;23.56863636363641;53.19730769230774
1249.1707317073171;23.568745644599353;53.19592334494778
1249.173611111111;23.56920138888894;53.194201388888935
1249.19723183391;23.56930795847756;53.1931833910035
1249.1620689655172;23.5694137931035;53.192172413793145
1249.1408934707904;23.569862542955377;53.190824742268084
1249.13698630137;23.57030821917813;53.1894863013699
1249.1058020477815;23.57075085324237;53.18815699658707
1249.1122448979593;23.571190476190523;53.18683673469391
1249.0983050847458;23.571627118644113;53.18586440677969
1249.0945945945946;23.572060810810857;53.18489864864868
1249.0976430976432;23.572491582491626;53.18393939393942
1249.1073825503356;23.572919463087292;53.18298657718123
1249.1103678929767;23.573344481605396;53.18204013377929
1249.1333333333334;23.57376666666671;53.18110000000002
1249.1029900332226;23.57418604651167;53.18016611295683
1249.0827814569536;23.574602649006664;53.17923841059605
1249.0858085808582;23.575016501650207;53.17864686468649
1249.078947368421;23.575427631578986;53.178059210526335
1249.0786885245902;23.57583606557381;53.177475409836084
1249.0882352941176;23.5762418300654;53.17689542483662
1249.0749185667753;23.576644951140104;53.17631921824106
1249.0551948051948;23.57704545454549;53.1754220779221
1249.0355987055016;23.577443365695828;53.17420711974112
1249.0258064516129;23.577838709677454;53.173000000000016
1249.0032154340836;23.578231511254053;53.17180064308683
1248.9935897435898;23.57862179487183;53.170608974358984
1248.9520766773162;23.579009584664572;53.169105431309916
1248.9331210191083;23.57939490445863;53.16761146496817
1248.9238095238095;23.57977777777781;53.166126984127004
1248.9303797468353;23.580158227848134;53.164335443037984
1248.8769716088327;23.580536277602555;53.162555205047326
1248.8396226415093;23.580911949685564;53.16078616352202
1248.808777429467;23.58128526645771;53.159028213166145
1248.765625;23.58165625000003;53.15728125
1248.7196261682243;23.582024922118407;53.155545171339554
1248.667701863354;23.582391304347855;53.153819875776385
1248.6315789473683;23.582755417956683;53.15210526315788
1248.570987654321;23.583117283950642;53.150709876543196
1248.5353846153846;23.583476923076947;53.14901538461536
1248.493865030675;23.583834355828245;53.14733128834353
1248.4373088685015;23.584189602446507;53.14565749235471
1248.3993902439024;23.584542682926852;53.14399390243899
1248.355623100304;23.5848936170213;53.14264437689966
1248.330303030303;23.58524242424245;53.14099999999996
1248.2779456193352;23.58558912386709;53.139365558912345
1248.2469879518073;23.58593373493978;53.13804216867466
1248.2012012012012;23.586276276276298;53.13672672672669
1248.1497005988024;23.586616766467085;53.135419161676616
1248.110447761194;23.586955223880615;53.13411940298504
1248.1011904761904;23.587291666666687;53.13282738095235
1248.0830860534124;23.58762611275966;53.131543026706204
1248.026627218935;23.587958579881676;53.130266272189324
1247.976401179941;23.58828908554574;53.12899705014747
1247.9058823529413;23.58861764705884;53.12773529411763
1247.8504398826979;23.58894428152494;53.12648093841641
1247.842105263158;23.589269005847967;53.12552631578945
1247.801749271137;23.58959183673471;53.124577259475195
1247.8081395348838;23.58991279069769;53.12334302325579
1247.7710144927537;23.590231884057985;53.12211594202897
1247.7023121387283;23.59054913294799;53.121184971098245
1247.6772334293948;23.590864553314134;53.120259365994215
1247.6293103448277;23.591178160919554;53.119339080459746
1247.567335243553;23.59148997134672;53.11842406876788
1247.52;23.591800000000017;53.11751428571426
1247.4900284900284;23.592108262108283;53.11660968660966
1247.4630681818182;23.592414772727295;53.11571022727269
1247.413597733711;23.592719546742234;53.11509915014162
1247.3926553672316;23.593022598870082;53.1144915254237
1250.394366197183;23.59171830985918;53.03002816901407
1250.3314606741574;23.592022471910138;53.029382022471886
1250.2689075630253;23.592324929972015;53.02873949579829
1250.2150837988827;23.592625698324053;53.02810055865919
1250.1699164345405;23.592924791086382;53.02746518105847
1250.0916666666667;23.593222222222256;53.0268333333333
1250.0193905817175;23.5935180055402;53.02620498614955
1249.9779005524863;23.59381215469617;53.0255801104972
1249.9366391184574;23.59410468319563;53.024958677685916
1249.9423076923076;23.594395604395647;53.02434065934062
1249.9315068493152;23.594684931506894;53.02372602739722
1249.9071038251366;23.594972677595674;53.023114754098316
1249.8610354223433;23.59525885558588;53.022506811989054
1249.820652173913;23.595543478260918;53.021902173913
1249.7859078590786;23.595826558265635;53.02130081300808
1249.7594594594595;23.59610810810816;53.02070270270265
1249.7088948787061;23.59638814016178;53.02037735849052
1249.7123655913979;23.596666666666724;53.02005376344082
1249.6648793565685;23.596943699731963;53.019731903485216
1249.6176470588234;23.59721925133696;53.01941176470585
1249.5706666666667;23.597493333333396;53.0190933333333
1249.526595744681;23.59776595744687;53.018776595744654
1249.4854111405837;23.59803713527858;53.018461538461516
1249.44708994709;23.598306878306946;53.01814814814813
1249.4195250659632;23.59857519788925;53.01783641160949
1249.3921052631579;23.598842105263227;53.01752631578946
1249.3910761154855;23.59910761154863;53.017217847769025
1249.369109947644;23.599371727748764;53.016910994764395
1249.3289817232376;23.599634464752032;53.01660574412533
1249.2916666666667;23.59989583333341;53.016302083333336
1249.2857142857142;23.600155844155925;53.01600000000001
1249.261658031088;23.6004145077721;53.0156994818653
1249.2454780361757;23.600671834625405;53.015400516795886
1249.180412371134;23.600927835051632;53.01510309278353
1249.146529562982;23.601182519280293;53.01480719794347
1249.1076923076923;23.601435897435984;53.014769230769254
1249.0997442455243;23.60168797953973;53.014475703324834
1249.0969387755101;23.601938775510295;53.01418367346942
1249.0788804071246;23.602188295165487;53.01389312977103
1249.0634517766498;23.602436548223444;53.01360406091374
1249.053164556962;23.602683544303893;53.0135696202532
1249.040404040404;23.60292929292939;53.01328282828287
1249.0251889168767;23.60317380352655;53.01299748110836
1248.9949748743718;23.603417085427235;53.01271356783924
1248.967418546366;23.603659147869777;53.01243107769429
1248.9025;23.603900000000102;53.012150000000055
1248.8728179551122;23.604139650872924;53.01187032418959
1248.8457711442786;23.604378109452842;53.01134328358215
1248.8535980148883;23.604615384615492;53.01081885856085
1248.8613861386139;23.604851485148625;53.01004950495055
1248.8246913580247;23.605086419753196;53.009283950617345
1248.8300492610838;23.60532019704445;53.00852216748775
1248.7837837837837;23.60555282555294;53.007518427518484
1248.7401960784314;23.605784313725607;53.00651960784319
1248.7114914425429;23.60601466992677;53.005281173594184
1248.7121951219513;23.606243902439143;53.00380487804884
1248.6885644768856;23.60647201946484;53.002335766423414
1248.6626213592233;23.606699029126336;53.00063106796122
1248.6585956416466;23.606924939467437;52.99869249394679
1248.644927536232;23.60714975845423;52.996763285024215
1248.5975903614458;23.60737349397603;52.994843373494035
1248.5649038461538;23.60759615384628;52.992932692307754
1248.5299760191847;23.607817745803487;52.990791366906535
1248.4952153110048;23.60803827751209;52.988660287081395
1248.4677804295943;23.60825775656338;52.98653937947499
1248.4476190476191;23.608476190476324;52.98442857142862
1248.4204275534441;23.60869358669847;52.98209026128271
1248.414691943128;23.60890995260677;52.9797630331754
1248.385342789598;23.609125295508413;52.977446808510685
1248.3938679245282;23.60933962264165;52.97514150943401
1248.3952941176472;23.60955294117661;52.97284705882358
1248.3544600938967;23.609765258216104;52.97056338028174
1248.3185011709602;23.609976580796395;52.96829039812651
1248.271028037383;23.610186915887994;52.966028037383225
1248.2167832167831;23.610396270396414;52.963543123543175
1248.2;23.610604651162937;52.96106976744191
1248.169373549884;23.610812064965344;52.95860788863115
1248.148148148148;23.61101851851867;52.95615740740747
1248.1293302540416;23.6112240184759;52.95371824480376
1248.0921658986176;23.611428571428725;52.95152073732726
1248.0620689655173;23.6116321839082;52.9493333333334
1248.0183486238532;23.611834862385475;52.94715596330282
1248.0183066361556;23.61203661327247;52.94521739130441
1248.0319634703196;23.61223744292253;52.94328767123294
1248.0432801822324;23.612437357631137;52.94136674259686
1248.0386363636364;23.612636363636522;52.939454545454595
1248.0090702947846;23.612834467120344;52.93777777777783
1247.9773755656108;23.613031674208308;52.93610859728512
1247.9525959367945;23.61322799097082;52.934221218961675
1247.918918918919;23.613423423423587;52.93234234234239
1247.9078651685393;23.613617977528257;52.93069662921353
1247.8901345291479;23.613811659192994;52.928834080717536
1247.8680089485458;23.6140044742731;52.926979865771855
1247.8370535714287;23.6141964285716;52.92513392857147
1247.826280623608;23.614387527839813;52.92351893095773
1247.7977777777778;23.61457777777795;52.92191111111115
1247.7871396895787;23.61476718403565;52.92053215077609
1247.7654867256638;23.614955752212566;52.91915929203544
1247.7505518763796;23.615143487858894;52.917792494481276
1247.7114537444934;23.615330396475947;52.916651982378895
1247.6747252747252;23.61551648351666;52.91551648351653
1247.6535087719299;23.615701754386144;52.91460526315794
1247.6236323851203;23.615886214442195;52.91391684901536
1247.593886462882;23.616069868995815;52.91323144104807
1247.5729847494554;23.61625272331173;52.91254901960787
1247.5456521739131;23.61643478260888;52.912086956521776
1247.5184381778743;23.616616052060923;52.91162689804776
1247.5;23.616796536796723;52.911385281385314
1247.4535637149029;23.616976241900836;52.91136069114474
1247.407327586207;23.617155172413984;52.91133620689659
1247.3677419354838;23.617333333333523;52.911311827957036
1247.3412017167382;23.617510729613926;52.911287553648116
1247.3254817987151;23.617687366167218;52.91147751606
1247.3076923076924;23.617863247863443;52.911880341880384
1247.2921108742005;23.61803837953111;52.91228144989343
1247.276595744681;23.618212765957644;52.912468085106426
1247.248407643312;23.618386411889794;52.9126539278132
1247.2245762711864;23.6185593220341;52.91283898305089
1247.2071881606764;23.618731501057283;52.913023255814
1247.198312236287;23.618902953586698;52.91299578059076
1247.1684210526316;23.61907368421073;52.912968421052675
1247.1533613445379;23.619243697479195;52.91294117647064
1247.1236897274632;23.61941299790377;52.91291404612164
1247.0836820083682;23.619581589958365;52.912887029288754
1247.052192066806;23.619749478079537;52.91265135699379
1247.03125;23.619916666666875;52.912416666666715
1247.016632016632;23.620083160083368;52.912182952183
1247.0041493775934;23.62024896265581;52.91195020746893
1246.983436853002;23.620414078675157;52.91171842650108
1246.9648760330579;23.620578512396907;52.91148760330583
1246.940206185567;23.62074226804145;52.911257731958806
1246.9176954732511;23.62090534979445;52.911028806584405
1246.8952772073922;23.621067761807197;52.91059548254624
1246.8790983606557;23.621229508196937;52.91016393442627
1246.881390593047;23.621390593047252;52.90973415132929
1246.8714285714286;23.621551020408383;52.90910204081637
1246.8757637474541;23.62171079429757;52.90826883910391
1246.8638211382113;23.621869918699407;52.907439024390285
1246.84584178499;23.622028397566144;52.90661257606495
1246.8259109311741;23.622186234818034;52.90578947368425
1246.8;23.62234343434366;52.90496969696974
1246.8024193548388;23.622500000000223;52.904153225806496
1246.778672032193;23.622655935613906;52.90334004024149
1246.7469879518073;23.622811244980145;52.90253012048197
1246.7595190380762;23.622965931863956;52.90172344689383
1246.746;23.623120000000227;52.90092000000004
1246.7305389221558;23.62327345309404;52.900119760479086
1246.699203187251;23.62342629482095;52.899521912350636
1246.68986083499;23.62357852882727;52.898926441351925
1246.6666666666667;23.623730158730393;52.89833333333337
1246.6435643564357;23.623881188119046;52.89774257425746
1246.6541501976285;23.624031620553595;52.89715415019766
1246.6331360946745;23.62418145956631;52.896370808678526
1246.6200787401574;23.624330708661653;52.89578740157483
1246.6090373280942;23.624479371316543;52.89520628683696
1246.6;23.62462745098063;52.89443137254904
1246.587084148728;23.62477495107656;52.89365949119376
1246.578125;23.62492187500024;52.89289062500002
1246.561403508772;23.625068226121098;52.892124756335306
1246.5272373540856;23.625214007782343;52.8913618677043
1246.5087378640776;23.625359223301214;52.890407766990315
1246.5232558139535;23.625503875969237;52.88965116279072
1246.4970986460348;23.62564796905247;52.88889748549325
1246.4787644787646;23.625791505791753;52.88776061776064
1246.460500963391;23.625934489402944;52.88662813102122
1246.4730769230769;23.62607692307717;52.88550000000002
1246.4548944337812;23.626218809981054;52.88437619961614
1246.4137931034484;23.626360153256954;52.88325670498086
1246.3728489483747;23.626500956023193;52.88214149139581
1246.3568702290077;23.626641221374296;52.88103053435116
1246.3142857142857;23.626780952381203;52.879923809523824
1246.3022813688212;23.626920152091508;52.87863117870724
1246.303605313093;23.627058823529666;52.87734345351045
1246.282196969697;23.627196969697223;52.87606060606062
1246.2684310018903;23.627334593573035;52.87478260869567
1246.2490566037736;23.627471698113464;52.87350943396228
1246.2203389830509;23.627608286252613;52.87224105461396
1246.1898496240601;23.627744360902515;52.870789473684226
1246.1744840525328;23.627879924953355;52.86934333958726
1246.1554307116105;23.62801498127367;52.867902621722855
1246.1476635514018;23.62814953271054;52.86646728971964
1246.1175373134329;23.628283582089814;52.86503731343284
1246.1042830540036;23.628417132216278;52.86361266294227
1246.0799256505577;23.62855018587387;52.86219330855019
1246.0667903525045;23.628682745825866;52.86077922077922
1246.0518518518518;23.62881481481508;52.85918518518518
1246.0462107208873;23.628946395564036;52.85759704251386
1246.0424354243542;23.629077490775174;52.8560147601476
1246.0147329650092;23.629208103131024;52.85425414364641
1246.0;23.629338235294387;52.852500000000006
1245.9706422018348;23.629467889908526;52.85075229357799
1245.9578754578754;23.629597069597338;52.849010989011
1245.946983546618;23.629725776965536;52.84727605118831
1245.9178832116788;23.629854014598813;52.84554744525549
1245.8998178506374;23.629981785064025;52.84382513661204
1245.8818181818183;23.630109090909365;52.84229090909093
1245.8675136116153;23.630235934664523;52.840762250453736
1245.8804347826087;23.630362318840856;52.8392391304348
1245.880650994575;23.63048824593156;52.83772151898736
1245.8754512635378;23.63061371841183;52.8362093862816
1245.8540540540541;23.630738738739016;52.83470270270272
1245.8345323741007;23.630863309352797;52.83320143884894
1245.818671454219;23.630987432675322;52.83170556552964
1245.8064516129032;23.63111111111139;52.83021505376346
1245.7906976744187;23.631234347048583;52.82890876565297
1245.7928571428572;23.631357142857425;52.827607142857154
1245.777183600713;23.631479500891547;52.82613190730839
1245.761565836299;23.631601423487826;52.824839857651256
1245.7442273534637;23.631722912966538;52.82355239786857
1245.7251773049645;23.63184397163149;52.8222695035461
1245.7008849557521;23.631964601770196;52.82099115044248
1245.6872791519434;23.632084805653996;52.81971731448763
1245.6613756613756;23.632204585538204;52.8184479717813
1245.625;23.63232394366226;52.81718309859154
1245.6133567662566;23.63244288224985;52.816098418277676
1245.60350877193;23.63256140350906;52.815017543859646
1245.6129597197898;23.632679509632514;52.8139404553415
1245.5856643356644;23.632797202797494;52.8126923076923
1245.5671902268762;23.632914485166086;52.81162303664921
1245.5714285714287;23.63303135888531;52.810557491289195
1245.5547826086956;23.63314782608725;52.80932173913043
1245.546875;23.633263888889182;52.80809027777777
1245.521663778163;23.63337954939371;52.806863084922
1245.5121107266436;23.633494809688877;52.80564013840829
1245.5198618307427;23.63360967184831;52.804421416234874
1245.5051724137932;23.63372413793133;52.80320689655171
1245.4802065404474;23.633838209983086;52.80216867469878
1245.4656357388317;23.633951890034663;52.80113402061854
1245.4562607204116;23.634065180103214;52.80010291595196
1245.4383561643835;23.63417808219208;52.798904109589024
1245.4358974358975;23.6342905982909;52.79770940170938
1245.4266211604095;23.63440273037573;52.79668941979521
1245.4037478705282;23.634514480409162;52.79567291311753
1245.389455782313;23.634625850340438;52.79482993197277
1245.3735144312393;23.634736842105568;52.79382003395584
1245.364406779661;23.634847457627423;52.79281355932202
1245.3620981387478;23.63495769881587;52.79197969543146
1245.3530405405406;23.635067567567873;52.79114864864863
1245.3338954468802;23.635177065767593;52.79032040472173
1245.3265993265993;23.635286195286504;52.78949494949493
1245.3378151260504;23.6353949579835;52.78867226890754
1245.3372483221476;23.635503355705005;52.78785234899327
1245.319932998325;23.635611390285067;52.787035175879375
1245.2859531772576;23.635719063545462;52.78622073578593
1245.2737896494157;23.635826377295803;52.78540901502502
1245.2533333333333;23.635933333333643;52.78443333333331
1245.2379367720466;23.63603993344457;52.783460898502476
1245.2292358803986;23.636146179402306;52.78249169435214
1245.2271973466004;23.636252072968805;52.781691542288534
1245.2168874172185;23.636357615894354;52.780894039735074
1245.195041322314;23.63646280991767;52.7799338842975
1245.1633663366338;23.63656765676599;52.778976897689745
1245.1301482701813;23.636672158155175;52.77802306425039
1245.123355263158;23.636776315789792;52.77723684210524
1245.1133004926107;23.636880131363206;52.77645320197042
1245.1;23.636983606557695;52.775672131147516
1245.088379705401;23.63708674304451;52.77489361702125
1245.0866013071895;23.63718954248398;52.774117647058794
1245.0913539967373;23.637292006525605;52.77350734094614
1245.071661237785;23.637394136808137;52.77289902280128
1245.050406504065;23.63749593495967;52.77229268292681
1245.0357142857142;23.637597402597724;52.771688311688294
1245.0307941653161;23.637698541329335;52.771085899513764
1245.022653721683;23.637799352751134;52.77048543689319
1245.032310177706;23.637899838449435;52.76988691437802
1245.0258064516129;23.638000000000325;52.76929032258064
1245.0161030595814;23.63809983896973;52.7686956521739
1244.9951768488745;23.63819935691351;52.76810289389066
1244.9791332263242;23.638298555377535;52.76751203852327
1244.9695512820513;23.63839743589776;52.76692307692307
1244.9632;23.638496000000327;52.766335999999995
1244.9472843450478;23.638594249201606;52.765750798722046
1244.939393939394;23.638692185008303;52.76516746411484
1244.9283439490446;23.638789808917526;52.76458598726115
1244.9236883942767;23.638887122416865;52.76400635930049
1244.8968253968253;23.638984126984457;52.76358730158731
1244.8922345483359;23.63908082408908;52.763011093502385
1244.892405063291;23.639177215190205;52.76243670886077
1244.862559241706;23.63927330173809;52.76186413902055
1244.858044164038;23.639369085173836;52.76129337539434
1244.8692913385826;23.63946456692947;52.76072440944884
1244.8553459119496;23.63955974842801;52.76015723270442
1244.8477237048667;23.639654631083538;52.75959183673472
1244.833855799373;23.639749216301276;52.75902821316617
1244.8247261345853;23.639843505477646;52.75830985915496
1244.8140625;23.639937500000336;52.757593750000034
1244.8268330733229;23.640031201248387;52.75703588143529
1244.822429906542;23.64012461059224;52.75647975077886
1244.7993779160186;23.640217729393807;52.75592534992228
1244.805900621118;23.64031055900655;52.75521739130439
1244.7829457364342;23.640403100775533;52.75451162790703
1244.7693498452013;23.640495356037494;52.75380804953566
1244.7635239567232;23.640587326120897;52.75310664605879
1244.7422839506173;23.64067901234602;52.752407407407475
1244.7257318952234;23.640770416024996;52.7517103235748
1244.7215384615386;23.64086153846188;52.75101538461546
1244.705069124424;23.640952380952726;52.75032258064524
1244.691717791411;23.64104294478562;52.74947852760744
1244.6830015313935;23.641133231240772;52.748637059724416
1244.6987767584098;23.64122324159056;52.74779816513768
1244.7053435114503;23.641312977099584;52.7468091603054
1244.717987804878;23.641402439024738;52.74582317073177
1244.7184170471842;23.641491628615263;52.74484018264846
1244.7021276595744;23.64158054711281;52.743860182370874
1244.7147192716236;23.641669195751486;52.74273141122919
1244.7030303030303;23.641757575757925;52.74160606060612
1244.6762481089258;23.64184568835133;52.740332829046956
1244.6691842900302;23.641933534743554;52.73906344410882
1244.6380090497737;23.642021116139116;52.73779788838618
1244.6234939759036;23.64210843373529;52.73653614457837
1244.606015037594;23.642195488722155;52.73527819548879
1244.593093093093;23.642282282282636;52.73387387387394
1244.5667166416792;23.642368815592558;52.73247376311851
1244.559880239521;23.642455089820714;52.73107784431146
1244.5530642750373;23.642541106128906;52.72968609865479
1244.5358208955224;23.642626865671996;52.728298507462775
1244.5380029806258;23.64271236959797;52.72691505216105
1244.5238095238096;23.642797619047975;52.72568452380962
1244.517087667162;23.642882615156374;52.724457652303215
1244.5089020771513;23.642967359050804;52.72323442136508
1244.4977777777779;23.64305185185221;52.72216296296306
1244.5;23.643136094674915;52.72109467455631
1244.493353028065;23.643220088626652;52.720029542097585
1244.486725663717;23.64330383480862;52.71896755162251
1244.4933726067748;23.64338733431553;52.71790868924899
1244.4691176470587;23.643470588235655;52.71700000000009
1244.4581497797358;23.643553597650875;52.716093979442086
1244.4706744868035;23.643636363636727;52.715190615835866
1244.4582723279648;23.64371888726244;52.714289897511065
1244.4415204678362;23.643801169591004;52.71339181286558
1244.414598540146;23.643883211679196;52.71249635036504
1244.393586005831;23.643965014577624;52.71160349854235
1244.3901018922852;23.644046579330787;52.71071324599716
1244.3880813953488;23.644127906977108;52.70997093023263
1244.390420899855;23.644208998548987;52.709230769230835
1244.3753623188406;23.64428985507283;52.708492753623254
1244.3719247467438;23.644370477569108;52.70761215629528
1244.349710982659;23.64445086705239;52.706734104046305
1244.3607503607504;23.644531024531393;52.70585858585864
1244.3746397694524;23.644610951009014;52.70498559077815
1244.3553956834533;23.64469064748238;52.704258992805805
1244.3290229885058;23.644770114942897;52.70353448275867
1244.3170731707316;23.644849354376266;52.70281205164997
1244.3194842406876;23.644928366762546;52.70209169054445
1244.3147353361946;23.645007153076193;52.701373390557976
1244.3;23.645085714286086;52.700657142857175
1244.2681883024252;23.64516405135558;52.70008559201145
1245.7905982905984;23.644430199430573;52.65796296296299
1245.7809388335704;23.644509246088568;52.65745376955907
1245.762784090909;23.64458806818219;52.65708806818186
1245.7560283687944;23.64466666666704;52.65672340425536
1245.7436260623228;23.64474504249329;52.65635977337114
1245.7340876944838;23.64482319660575;52.65599717114573
1245.7146892655367;23.64490112994388;52.65563559322038
1245.703808180536;23.644978843441844;52.655133991537426
1245.6887323943663;23.645056338028546;52.65463380281695
1245.662447257384;23.645133614627664;52.654135021097105
1245.6558988764045;23.64521067415768;52.65349719101129
1245.632538569425;23.645287517531933;52.65286115007017
1245.6064425770307;23.645364145658643;52.652226890756346
1245.5832167832168;23.64544055944094;52.651454545454584
1245.558659217877;23.645516759776914;52.65068435754194
1245.5369595536959;23.645592747559654;52.650055788005616
1245.5278551532033;23.645668523677262;52.64942896935936
1245.5146036161336;23.645744089012897;52.648664812239254
1245.4972222222223;23.645819444444825;52.64790277777781
1245.4743411927877;23.645894590846428;52.64714285714288
1245.4529085872575;23.645969529086255;52.646246537396145
1245.4301521438451;23.646044260028045;52.645491009681905
1245.3936464088397;23.64611878453077;52.644737569060794
1245.3820689655172;23.64619310344866;52.64398620689657
1245.3553719008264;23.646267217631237;52.64323691460057
1245.3301237964235;23.646341127923357;52.642489683631375
1245.309065934066;23.64641483516522;52.64174450549452
1245.283950617284;23.64648834019243;52.64100137174212
1245.268493150685;23.646561643836;52.640260273972615
1245.2530779753763;23.646634746922413;52.63952120383038
1245.2349726775956;23.646707650273612;52.63878415300547
1245.1991814461119;23.646780354707072;52.63804911323329
1245.1702997275204;23.64685286103581;52.637316076294276
1245.1591836734694;23.646925170068414;52.636585034013606
1245.1426630434783;23.646997282609085;52.63572010869565
1245.1316146540028;23.647069199457647;52.634857530529175
1245.111111111111;23.647140921409605;52.633997289972896
1245.0906630581867;23.64721244925614;52.63313937753721
1245.0783783783784;23.647283783784175;52.632283783783784
1245.0566801619434;23.64735492577637;52.63143049932523
1245.0417789757412;23.647425876011173;52.630714285714284
1245.022880215343;23.64749663526284;52.629999999999995
1245.010752688172;23.647567204301467;52.6292876344086
1244.9879194630873;23.64763758389301;52.628577181208044
1244.9745308310992;23.647707774799322;52.62786863270777
1244.9598393574297;23.64777777777817;52.627161981258354
1244.9465240641712;23.647847593583283;52.62645721925132
1244.9332443257676;23.647917222964345;52.62575433911881
1244.9213333333332;23.647986666667062;52.62505333333331
1244.9054593874835;23.64805592543315;52.62435419440744
1244.8816489361702;23.648125000000395;52.623656914893594
1244.8618857901727;23.648193891102654;52.622961487383776
1244.8488063660477;23.64826259946989;52.62213527851456
1244.8423841059603;23.64833112582821;52.62131125827812
1244.8465608465608;23.648399470899868;52.62062169312167
1244.8269484808454;23.648467635403303;52.61993394980182
1244.8166226912929;23.64853562005317;52.61924802110815
1244.794466403162;23.648603425560346;52.618563899868214
1244.786842105263;23.64867105263198;52.61788157894733
1244.7818659658344;23.64873850197149;52.61720105124832
1244.7716535433071;23.648805774278614;52.61652230971125
1244.75622542595;23.648872870249416;52.6158453473132
1244.7591623036649;23.648939790576318;52.615301047120376
1244.7424836601308;23.649006535948114;52.614758169934596
1244.7258485639686;23.64907310705001;52.61421671018272
1244.7275097783572;23.649139504563635;52.61367666232068
1244.7109375;23.64920572916707;52.613138020833276
1244.707412223667;23.649271781534864;52.61260078023401
1244.6844155844155;23.649337662338066;52.61206493506487
1244.6614785992217;23.649403372244244;52.61153047989617
1244.6515544041451;23.649468911917502;52.61099740932635
1244.627425614489;23.649534282018518;52.61046571798181
1244.6098191214471;23.64959948320454;52.60993540051672
1244.6077419354838;23.649664516129437;52.60940645161282
1244.590206185567;23.649729381443706;52.609007731958684
1244.5778635778636;23.649794079794486;52.60861003860996
1244.5578406169666;23.6498586118256;52.60821336760918
1244.5532734274711;23.649922978177557;52.607946084723935
1244.5435897435898;23.64998717948759;52.60767948717942
1244.5300896286813;23.650051216389652;52.607413572343084
1244.5140664961637;23.650115089514475;52.607148337595845
1244.4980842911878;23.650178799489552;52.60688378033199
1244.4859693877552;23.650242346939184;52.60674744897953
1244.491719745223;23.650305732484487;52.60661146496809
1244.4885496183206;23.650368956743414;52.606475826971945
1244.4942820838628;23.65043202033078;52.606467598475156
1244.4809644670052;23.65049492385828;52.60645939086288
1244.489226869455;23.650557667934507;52.6064512040557
1244.4949367088607;23.65074683544345;52.606443037974614
1244.4841972187105;23.65093552465275;52.60643489254102
1244.4570707070707;23.650997474747882;52.606426767676695
1244.4451450189156;23.65105926860066;52.60654476670862
1244.4382871536525;23.651120906801417;52.606662468513775
1244.4364779874213;23.651182389937517;52.606654088050234
1244.4321608040202;23.651243718593374;52.60677135678384
1244.4316185696362;23.651304893350474;52.60688833124207
1244.4172932330828;23.65136591478738;52.60700501253124
1244.4105131414267;23.65142678347976;52.60724655819766
1244.41625;23.651487500000414;52.60748749999991
1244.4119850187267;23.65167290886433;52.60760299625459
1244.4077306733168;23.651857855362007;52.607718204488684
1244.414694894147;23.651917808219586;52.60795765877949
1244.426616915423;23.65197761194071;52.60807213930339
1244.4248447204968;23.652037267081155;52.60818633540363
1244.4156327543424;23.652220843672865;52.60830024813886
1244.4039653035936;23.652403965304;52.60841387856247
1244.4084158415842;23.652462871287536;52.60852722772267
1244.4215080346107;23.652521631644415;52.608640296662436
1244.4382716049383;23.65258024691399;52.60875308641964
1244.4290998766955;23.65263871763296;52.60874229346474
1244.4334975369459;23.652697044335387;52.60873152709348
1244.4366543665437;23.652755227552685;52.60872078720776
1244.4471744471743;23.652936117936527;52.60871007370996
1244.4453987730062;23.652993865031085;52.60869938650295
1244.4546568627452;23.653051470588643;52.608688725490076
1244.4724602203182;23.65310893512893;52.608678090575154
1244.463325183374;23.653166259169115;52.608667481662465
1244.4627594627595;23.653223443223855;52.60865689865677
1244.4743902439025;23.65328048780529;52.608646341463285
1244.4701583434835;23.653337393423065;52.60863580998769
1244.4647201946473;23.65339416058435;52.60862530413612
1244.4702308626975;23.65345078979385;52.608614823815174
1244.4648058252428;23.65350728155381;52.60860436893191
1244.460606060606;23.653563636364048;52.608593939393806
1244.4769975786926;23.653619854721963;52.60858353510882
1244.4788391777508;23.653675937122543;52.60857315598535
1244.479468599034;23.653731884058384;52.60856280193222
1244.4897466827504;23.653787696019716;52.608552472858726
1244.4771084337349;23.65384337349439;52.608421686746844
1244.482551143201;23.653898916967925;52.608291215402986
1244.4927884615386;23.653954326923493;52.608161057692165
1244.4885954381753;23.654009603841953;52.60803121248485
1244.4928057553957;23.654064748201854;52.6077817745802
1244.4994011976048;23.654119760479457;52.6075329341316
1244.4976076555024;23.654174641148742;52.60728468899508
1244.4874551971327;23.654229390681422;52.6070370370369
1244.472553699284;23.654284009546956;52.60678997613352
1244.4779499404053;23.654338498212574;52.60642431466018
1244.4630952380953;23.654392857143275;52.6060595238094
1244.450653983353;23.654447086801845;52.6056956004755
1244.4453681710213;23.654501187648876;52.60533254156758
1244.429418742586;23.654555160142767;52.604970344009374
1244.4218009478673;23.654609004739758;52.604609004739224
1244.4272189349113;23.65466272189391;52.60424852070995
1244.4432624113474;23.654716312057158;52.60388888888878
1244.4380165289256;23.654769775679288;52.603412042502846
1244.430424528302;23.654823113207968;52.60293632075461
1244.429917550059;23.65487632508876;52.60257950530025
1244.4352941176471;23.654929411765128;52.60210588235283
1244.4512338425382;23.654982373678447;52.601633372502825
1244.4507042253522;23.65503521126803;52.6012793427229
1244.4525205158266;23.655087924971117;52.600926143024516
1244.450819672131;23.655140515222907;52.6005737704917
1244.4409356725146;23.655192982456565;52.60033918128645
1244.427570093458;23.655245327103227;52.59998831775691
1244.4200700116687;23.655297549592024;52.599638273045414
1244.418414918415;23.655349650350075;52.5994055944055
1244.407450523865;23.655401629802522;52.59917345750864
1244.413953488372;23.65545348837252;52.598941860465025
1244.4088269454123;23.655505226481264;52.59859465737506
1244.4083526682134;23.65555684454799;52.59824825986071
1244.4275782155273;23.655608342989996;52.59790266512159
1244.445601851852;23.655659722222648;52.597557870370295
1244.4485549132949;23.655710982659386;52.5972138728323
1244.45727482679;23.655762124711742;52.596986143186996
1244.4740484429067;23.655813148789356;52.5967589388696
1244.4688940092167;23.65586405529997;52.59653225806445
1244.4672036823936;23.655914844649452;52.59630609896426
1244.4655172413793;23.655965517241807;52.59608045977005
1244.4661308840414;23.65601607347919;52.5958553386911
1244.4529816513761;23.656066513761896;52.595630733944894
1244.4558991981673;23.6561168384884;52.5954066437571
1244.450800915332;23.65616704805535;52.59529748283747
1244.4365714285714;23.656217142857574;52.595188571428515
1244.4520547945206;23.656267123288103;52.5949657534246
1244.45496009122;23.656316989738173;52.59485746864305
1244.4589977220958;23.656366742597243;52.59474943052386
1244.4653014789533;23.656416382252992;52.5946416382252
1244.4625;23.65646590909134;52.5944204545454
1244.460839954597;23.65651532349646;52.59419977298519
1244.4569160997733;23.656564625850773;52.593979591836685
1244.4552661381654;23.656613816534975;52.59375990939972
1244.4638009049775;23.656662895928037;52.59354072398185
1244.4790960451978;23.656711864407214;52.59332203389826
1244.4932279909706;23.656760722348064;52.59310383747174
1244.4859075535512;23.656809470124447;52.59288613303265
1244.4876126126126;23.656858108108544;52.59278153153149
1244.490438695163;23.65690663667085;52.59267716535429
1244.4865168539325;23.656955056180212;52.592460674157266
1244.4826038159372;23.657003367003803;52.5922446689113
1244.4809417040358;23.657051569507164;52.592029147982025
1244.4692049272116;23.65709966405419;52.59192609182527
1244.4463087248323;23.657147651007147;52.5918232662192
1244.4346368715085;23.657195530726696;52.59172067039103
1244.424107142857;23.657243303571867;52.591618303571394
1244.4102564102564;23.657290969900103;52.59151616499439
1244.404231625835;23.657338530067253;52.59141425389751
1244.412680756396;23.65738598442758;52.591312569521655
1244.4077777777777;23.657433333333774;52.59121111111107
1244.4028856825748;23.657480577136955;52.5911098779134
1244.39911308204;23.657527716186692;52.59100886917957
1244.3975636766334;23.657574750831007;52.590908084163864
1244.3805309734514;23.65762168141637;52.59080752212386
1244.375690607735;23.657668508287735;52.59070718232041
1244.3631346578366;23.657715231788522;52.590607064017625
1244.3605292171997;23.65776185226064;52.59050716648287
1244.3568281938326;23.657808370044496;52.59040748898675
1244.3608360836083;23.65785478547899;52.590308030803044
1244.3494505494505;23.65790109890154;52.59020879120875
1244.336992316136;23.657947310648083;52.58999999999997
1244.3245614035088;23.657993421053074;52.589791666666635
1244.313253012048;23.6581489594747;52.58958378970424
1244.2943107221006;23.658194748359303;52.58926695842448
1244.2939890710381;23.658240437158913;52.58895081967211
1244.2882096069868;23.658286026201317;52.588635371179016
1244.2835332606326;23.658331515812876;52.588320610687006
1244.285403050109;23.658376906318527;52.5880065359477
1244.284004352557;23.658422198041794;52.58758433079432
1244.2956521739131;23.658467391304793;52.58716304347824
1244.299674267101;23.65851248642824;52.586634093376745
1244.2852494577007;23.658557483731464;52.586106290672426
1244.2741061755146;23.658602383532404;52.585579631635945
1244.2781385281385;23.658647186147633;52.58494588744586
1244.2767567567569;23.65869189189234;52.584205405405385
1244.2710583153348;23.65873650108036;52.583466522678165
1244.2740021574973;23.65878101402418;52.58272923408844
1244.2790948275863;23.65882543103493;52.58210129310343
1244.2852529601723;23.658869752422405;52.58147470398276
1244.2881720430107;23.65891397849507;52.58084946236557
1244.2921589688508;23.65895810956006;52.58022556390976
1244.2961373390558;23.659002145923193;52.579603004291826
1244.293676312969;23.659046087888978;52.57908896034296
1244.296573875803;23.65908993576062;52.578576017130594
1244.2919786096256;23.659133689840022;52.57806417112297
1244.2905982905984;23.6591773504278;52.57755341880339
1244.2934898612593;23.659220917823287;52.57704375667019
1244.2995735607676;23.659264392324545;52.57664179104474
1244.29392971246;23.659307774228353;52.57624068157611
1244.2968085106384;23.659351063830236;52.57584042553188
1244.3039319872476;23.659394261424467;52.57544102019124
1244.3004246284502;23.659543524416584;52.5751486199575
1244.3011664899257;23.6596924708382;52.57485683987271
1244.2987288135594;23.659841101695363;52.574459745762674
1244.2857142857142;23.659989417989863;52.57406349206345
1244.2695560253699;23.66013742071926;52.57366807610989
1244.2650475184794;23.660285110876895;52.57337909186902
1244.2521097046413;23.660432489451917;52.57309071729954
1244.2444678609063;23.660579557429312;52.57280295047415
1244.2557894736842;23.66062105263202;52.572515789473655
1244.2471083070452;23.660662460568265;52.57222923238693
1244.2426470588234;23.66080882352985;52.572048319327706
1244.2350472193075;23.660954879328877;52.57186778593911
1244.2222222222222;23.661100628931255;52.57168763102723
1244.2178010471205;23.661246073298866;52.57150785340312
1245.3357740585775;23.660690376569473;52.540711297071105
1245.3239289446185;23.66083594566397;52.5406687565308
1245.3131524008352;23.660981210856384;52.54062630480165
1245.3211678832117;23.661126173097408;52.54058394160582
1245.3166666666666;23.661270833333766;52.54054166666664
1245.3080124869928;23.661311134235604;52.540499479708615
1245.3045738045737;23.661351351351783;52.540457380457354
1245.3104880581516;23.661495327103236;52.54051921079956
1245.3060165975103;23.66163900414981;52.54058091286304
1245.2953367875648;23.661782383420118;52.540642487046604
1245.2888198757764;23.661925465838937;52.54070393374738
1245.2812823164427;23.66206825232721;52.54076525336088
1245.2747933884298;23.662210743802078;52.54082644628096
1245.2610939112487;23.662352941176895;52.540887512899864
1245.2556701030928;23.66249484536125;52.54094845360821
1245.247167868177;23.662636457260977;52.541009268795015
1245.2376543209878;23.6627777777782;52.5410699588477
1245.229188078109;23.662918807811312;52.54113052415207
1245.2361396303902;23.66305954825504;52.54119096509236
1245.222564102564;23.663200000000415;52.54125128205124
1245.21618852459;23.66323770491845;52.54131147540979
1245.2036847492323;23.663377686796732;52.54147389969289
1245.1973415132925;23.663517382413502;52.54153374233124
1245.1961184882534;23.66365679264597;52.54159346271701
1245.2030612244898;23.66379591836776;52.54165306122444
1245.1936799184505;23.66393476044893;52.541814475025426
1245.1995926680245;23.66407331975601;52.54197556008141
1245.2014242115972;23.664211597151986;52.54203458799587
1245.1981707317073;23.664349593496343;52.5420934959349
1245.1908629441625;23.664487309645075;52.5421522842639
1245.1926977687626;23.66462474645071;52.5421095334685
1245.2006079027356;23.664761904762308;52.54206686930085
1245.1892712550607;23.664898785425503;52.54202429149792
1245.17593528817;23.665035389282504;52.54198179979771
1245.1848484848485;23.665171717172118;52.54193939393933
1245.1735620585268;23.665307769929765;52.541796165489345
1245.1653225806451;23.665443548387497;52.541754032258005
1245.1530715005035;23.665579053374014;52.54171198388715
1245.142857142857;23.66571428571468;52.54156941649894
1245.1356783919598;23.665849246231552;52.54142713567833
1245.124497991968;23.665983935743366;52.541285140562195
1245.1213640922767;23.66611835506559;52.541143430290816
1245.114228456914;23.666252505010412;52.541002004007964
1245.101101101101;23.666386386386776;52.54076076076071
1245.094;23.66652000000039;52.54051999999995
1245.076923076923;23.666653346653735;52.54027972027968
1245.061876247505;23.666786427146096;52.54003992015964
1245.0538384845463;23.66691924227357;52.539800598205346
1245.0488047808765;23.66705179282907;52.53946215139438
1245.0378109452736;23.667184079602375;52.539124378109406
1245.0417495029822;23.667316103380106;52.5387872763419
1245.030784508441;23.667447864945764;52.53845084409131
1245.0198412698412;23.667579365079746;52.53811507936503
1245.0227948463826;23.66771060455935;52.53777998017834
1245.028712871287;23.667841584158793;52.537445544554394
1245.0158259149357;23.66797230464924;52.53711177052417
1244.9990118577075;23.668102766798796;52.536778656126415
1244.984205330701;23.668232971372536;52.536446199407635
1244.9783037475345;23.668362919132523;52.53611439842202
1244.9625615763546;23.668492610837813;52.53578325123146
1244.9557086614172;23.668622047244465;52.53545275590544
1244.9321533923303;23.66875122910558;52.53502458210415
1244.9223968565816;23.668880157171294;52.534597249508764
1244.928361138371;23.66900883218879;52.534170755642705
1244.9333333333334;23.669137254902328;52.533745098039134
1244.9196865817826;23.669265426053258;52.533418217433805
1244.908023483366;23.669393346380012;52.53299412915843
1244.9012707722386;23.669521016618155;52.53257086999014
1244.88671875;23.669648437500364;52.53224609374991
1244.8907317073172;23.66977560975646;52.53182439024381
1244.884015594542;23.669902534113422;52.53140350877184
1244.8763388510224;23.670029211295393;52.53098344693272
1244.8677042801557;23.670155642023705;52.53056420233454
1244.8581146744411;23.67028182701688;52.53014577259466
1244.8368932038834;23.67040776699065;52.52972815533971
1244.831231813773;23.67053346265797;52.529311348205525
1244.8217054263566;23.67065891472904;52.52899224806192
1244.8054211035817;23.670784123911293;52.52867376573078
1244.8007736943907;23.670909090909444;52.52835589941962
1244.792270531401;23.670937198067985;52.52803864734289
1244.7712355212354;23.670965250965605;52.5277220077219
1244.7608486017357;23.670993249759274;52.52740597878484
1244.7466281310212;23.67111753371904;52.527090558766744
1244.752646775746;23.671241578441162;52.52677574590941
1244.7490384615385;23.671365384615736;52.52646153846142
1244.7396733909702;23.671488952930225;52.52614793467807
1244.7312859884837;23.671612284069447;52.52583493282137
1244.7238734419943;23.671735378715592;52.525618408437076
1244.7155172413793;23.67185823754824;52.52540229885045
1244.7043062200958;23.671980861244364;52.5251866028707
1244.6950286806884;23.672103250478358;52.52497131931155
1244.6876790830945;23.672225405922024;52.52466093600752
1244.682251908397;23.672347328244616;52.52435114503805
1244.679694947569;23.672469018112828;52.524041944709126
1244.6714285714286;23.672590476190816;52.523733333333205
1244.6707897240724;23.672711703140205;52.523425309229175
1244.666349809886;23.67283269962011;52.5231178707223
1244.6524216524217;23.672953466287137;52.52281101614422
1244.6394686907022;23.673074003795403;52.52250474383288
1244.629383886256;23.673194312796543;52.522199052132564
1244.6164772727273;23.67331439393973;52.5218939393938
1244.61210974456;23.67343424787167;52.521589403973366
1244.609640831758;23.673459357278215;52.52128544423426
1244.5977337110482;23.67348441926379;52.52098205854565
1244.5764150943396;23.67360377358524;52.52077358490551
1244.5692742695571;23.673722902922105;52.52056550424114
1244.5715630885122;23.673841807909938;52.520263653483845
1244.5634995296332;23.67396048918189;52.519962370648955
1244.562030075188;23.674078947368752;52.519661654135184
1244.561502347418;23.67419718309892;52.519361502347266
1244.5553470919324;23.67431519699845;52.5190619136959
1244.5538894095596;23.67443298969105;52.51876288659778
1244.5440074906367;23.67455056179808;52.51846441947549
1244.5425631431244;23.674667913938585;52.51816651075755
1244.5289719626169;23.674785046729294;52.517869158878334
1244.5256769374416;23.674901960784638;52.517572362278074
1244.5214552238806;23.67501865671674;52.517276119402815
1244.5144454799627;23.675135135135456;52.51698042870439
1244.513966480447;23.675251396648363;52.51668528864042
1244.5237209302325;23.675367441860782;52.51639069767424
1244.5334572490706;23.67539033457281;52.51609665427491
1244.532033426184;23.67550603528351;52.515710306406504
1244.529684601113;23.675621521336122;52.51532467532449
1244.5254865616312;23.67573679332747;52.51493975903596
1244.5194444444444;23.675851851852165;52.51464814814796
1244.518038852914;23.675966697502627;52.51435707678057
1244.5064695009241;23.676081330869074;52.514066543437885
1245.4930747922438;23.675577100646667;52.48693444136638
1245.489852398524;23.675691881919132;52.48666974169722
1245.4829493087557;23.675806451613216;52.486405529953714
1245.4723756906078;23.675920810313386;52.48614180478801
1245.461821527139;23.67594296228182;52.4858785648572
1245.4586397058824;23.676056985294426;52.48570772058803
1245.4508723599633;23.67617079889838;52.48553719008245
1245.4467889908258;23.67628440367003;52.48536697247687
1245.4436296975252;23.676306141155212;52.4851970669109
1245.434065934066;23.676327838828147;52.48502747252728
1245.4318389752973;23.676349496798114;52.484858188471904
1245.4314442413163;23.676371115173986;52.48468921389378
1245.428310502283;23.676392694064237;52.484520547945024
1245.4206204379561;23.676414233576953;52.48444343065675
1245.4211485870555;23.67643573381982;52.48436645396518
1245.4289617486338;23.67645719490013;52.48428961748616
1245.4258416742493;23.67647861692479;52.48412192902621
1245.4145454545455;23.676500000000313;52.483954545454374
1245.4096276112625;23.676521344232828;52.48378746593988
1245.4192377495463;23.67654264972808;52.483620689655005
1245.4125113327289;23.67656391659143;52.48345421577499
1245.4076086956522;23.67658514492785;52.4832880434781
1245.4081447963802;23.676606334841942;52.48312217194554
1245.3987341772151;23.676627486437926;52.482956600361504
1245.393857271906;23.676648599819647;52.48279132791313
1245.3925992779784;23.67666967509057;52.482626353790465
1245.3850315599639;23.676690712353786;52.48246167718651
1245.3837837837839;23.676711711712027;52.48229729729715
1245.3708370837085;23.676732673267644;52.48213321332119
1245.3660071942445;23.67675359712262;52.48196942446029
1245.3701707097935;23.676774483378573;52.481805929919
1245.37881508079;23.676795332136763;52.48155296229788
1245.3829596412556;23.676816143498076;52.48130044843035
1245.3799283154121;23.67683691756304;52.48104838709663
1245.3688451208595;23.67685765443183;52.48079677708132
1245.3622540250446;23.676878354204256;52.48054561717338
1245.3637176050045;23.676899016979764;52.480294906166066
1245.3589285714286;23.676919642857463;52.48004464285699
1245.3559322033898;23.67694023193609;52.479794826048014
1245.3547237076648;23.676960784314044;52.479545454545296
1245.3526268922528;23.676981300089366;52.479296527159235
1245.344306049822;23.677001779359752;52.47904804270446
1245.335111111111;23.677022222222543;52.478888888888726
1245.3312611012434;23.677042628774746;52.47873001776183
1245.3203194321206;23.677062999113012;52.47857142857127
1245.3297872340424;23.677083333333655;52.478413120567225
1245.3348095659876;23.677103631532653;52.47834366696176
1245.329203539823;23.677123893805632;52.478274336283036
1245.3359858532272;23.677144120247892;52.478205128204976
1245.3233215547702;23.67716431095439;52.47813604240268
1245.3159752868492;23.677184466019742;52.47806707855237
1245.3148148148148;23.677204585538245;52.47791005290991
1245.308370044053;23.67722466960385;52.47775330396462
1245.3028169014085;23.677244718310185;52.477596830985775
1245.3043095866315;23.677264731750547;52.477616534740406
1245.311072056239;23.6772847100179;52.4776362038663
1245.3081650570675;23.677304653204892;52.477655838454645
1245.3087719298246;23.677324561403836;52.47767543859635
1245.3155127081507;23.677344434706725;52.47760736196305
1245.3091068301226;23.67736427320523;52.47762697022753
1245.2974628171478;23.677384076990705;52.477646544181844
1245.2910839160838;23.677403846154174;52.47757867132854
1245.296943231441;23.677423580786353;52.47759825327498
1245.284467713787;23.67744328097764;52.47761780104699
1245.2746294681779;23.677462946818114;52.477724498692105
1245.2682926829268;23.67748257839754;52.477831010452825
1245.2610966057441;23.677502175805376;52.477937336814485
1245.2652173913043;23.677521739130764;52.47804347826073
1245.2745438748914;23.677541268462537;52.47814943527354
1245.2621527777778;23.67756076388922;52.478255208333195
1245.2601908065915;23.67758022549903;52.478447528187196
1245.2512998266898;23.677599653379882;52.47863951473122
1245.2502164502164;23.67761904761938;52.47874458874444
1245.241349480969;23.67763840830483;52.47884948096871
1245.2368193604148;23.677657735523237;52.47895419187539
1245.2348877374784;23.677677029361302;52.479058721934216
1245.2320966350303;23.677696289905423;52.47916307161331
1245.231896551724;23.67771551724171;52.479267241379155
1245.2273901808785;23.677734711455976;52.47937123169666
1245.2185886402754;23.677753872633726;52.479475043029105
1245.2149613069648;23.67777300086018;52.47957867583819
1245.2113402061855;23.677792096220266;52.47968213058404
1245.196566523605;23.67781115879862;52.47978540772516
1245.197255574614;23.677830188679582;52.479888507718535
1245.1902313624678;23.67784918594721;52.48007712082246
1245.1806506849316;23.677868150685267;52.48026541095874
1245.163387510693;23.67788708297724;52.480453378956206
1245.1726495726496;23.67790598290632;52.48055555555539
1245.1759180187873;23.677924850555417;52.48065755764287
1245.1638225255972;23.677943686007165;52.48075938566536
1245.156010230179;23.6779624893439;52.48086104006803
1245.137989778535;23.677981260647698;52.48104770017019
1245.1251063829786;23.67800000000034;52.48123404255301
1245.1215986394557;23.678018707483332;52.481420068027035
1245.1129991503824;23.67803738317791;52.48160577739999
1245.100169779287;23.678056027165027;52.4817911714769
1245.0983884648008;23.678074639525363;52.48197625106003
1245.085593220339;23.678093220339324;52.482161016948965
1245.077900084674;23.678111769687046;52.48234546994054
1245.0736040609138;23.678130287648393;52.48252961082891
1245.0684699915469;23.67814877430296;52.482713440405554
1245.0726351351352;23.67816722973007;52.48289695945926
1245.0616033755275;23.678185654008782;52.48308016877617
1245.058178752108;23.67820404721788;52.48334738617181
1245.0530749789384;23.678222409435893;52.48361415332752
1245.0488215488215;23.678240740741085;52.48388047138028
1245.044575273339;23.678259041211444;52.484230445752544
1245.0420168067226;23.678277310924713;52.484579831932585
1245.0386230058775;23.678295549958364;52.484928631402
1245.0469798657718;23.678313758389606;52.4852768456374
1245.0318524727577;23.6783319362954;52.48570829840719
1245.0192629815745;23.678350083752438;52.48613902847553
1245.0150627615062;23.678368200837166;52.48656903765672
1245.007525083612;23.678386287625763;52.48699832775901
1245.0050125313282;23.678404344194163;52.487343358395805
1245.0;23.678422370618044;52.48768781302152
1244.9916597164304;23.678440366972822;52.48811509591308
1244.9916666666666;23.67845833333368;52.48845833333315
1245.0016652789343;23.678476269775533;52.48880099916718
1244.991680532446;23.67849417637306;52.48914309484175
1244.9983374896094;23.67851205320068;52.48940149625918
1245.002491694352;23.678529900332574;52.48965946843837
1244.9966804979254;23.678547717842672;52.48983402489609
1244.9900497512438;23.67856550580466;52.490008291873785
1244.9850869925435;23.67858326429198;52.49009942004953
1244.9801324503312;23.678600993377835;52.490190397350815
1244.985111662531;23.67861869313517;52.490281224152014
1244.9809917355371;23.678636363636713;52.49028925619817
1244.9777043765482;23.678654004954932;52.49029727497918
1244.970297029703;23.678671617162067;52.49030528052787
1244.9637262984336;23.678689200330112;52.490230832646155
1244.9505766062603;23.67870675453083;52.49007413509043
1244.9341563786008;23.67872427983574;52.489917695473075
1244.9317434210527;23.67874177631614;52.48967927631561
1244.9268693508627;23.67875924404308;52.4894412489727
1244.9261083743843;23.67877668308738;52.489203612479294
1244.923707957342;23.67879409351963;52.48896636587349
1244.9155737704918;23.67881147541019;52.488729508196535
1244.904176904177;23.678828828829182;52.48857493857476
1244.8911620294598;23.678846153846507;52.48833878887052
1244.8896156991007;23.678863450531836;52.48810302534732
1244.8823529411766;23.678880718954602;52.487867647058636
1244.8791836734695;23.678897959184027;52.4877142857141
1244.8678629690048;23.6789151712891;52.4875611745512
1244.8638956805216;23.678932355338578;52.48732681336575
1244.8591205211726;23.678949511401008;52.48717426710079
1244.8559804719284;23.6789666395447;52.487021969080374
1244.8495934959349;23.678983739837754;52.48686991869901
1244.846466287571;23.67900081234804;52.48671811535319
1244.840909090909;23.679017857143215;52.48656655844138
1244.8386050283862;23.679034874290707;52.48641524736398
1244.8363047001621;23.679051863857733;52.48626418152333
1244.8396761133604;23.67906882591129;52.48611336032372
1244.836569579288;23.679085760518156;52.486043689320226
1244.8342764753436;23.6791026677449;52.48597413096184
1244.8222940226171;23.67911954765787;52.48582390953134
1244.818401937046;23.6791364003232;52.48567393058902
1244.8129032258064;23.67915322580681;52.48560483870952
1244.8082191780823;23.67917002417441;52.48553585817873
1244.8059581320451;23.679186795491503;52.4854669887277
1244.812550281577;23.67920353982337;52.48539823008834
1244.8183279742766;23.679220257235087;52.48532958199342
1244.8144578313254;23.679236947791527;52.48526104417655
1244.8097913322633;23.679253611557343;52.485192616372245
1244.804330392943;23.679270248596993;52.48512429831581
1244.7900641025642;23.67928685897472;52.485056089743445
1244.7862289831864;23.679303442754566;52.48498799039216
1244.78;23.679320000000363;52.484919999999846
1244.775379696243;23.679336530775743;52.4848521183052
1244.770766773163;23.679353035144132;52.48478434504776
1244.778132482043;23.67936951316876;52.48471667996791
1244.7751196172248;23.679385964912644;52.48464912280684
1244.7665338645418;23.67940239043861;52.48458167330659
1244.7619426751592;23.67941878980928;52.48451433121001
1244.7541766109784;23.679435163087078;52.48444709626075
1244.7496025437201;23.67945151033423;52.48437996820331
1244.746624305004;23.679467831612754;52.484312946782964
1244.7388888888888;23.67948412698449;52.48424603174583
1244.7414750198254;23.67950039651107;52.48417922283881
1244.7361331220286;23.679516640253933;52.484112519809614
1244.7220902612826;23.679532858274317;52.48396674584302
1244.7096518987341;23.679549050633277;52.48382120253144
1244.705138339921;23.67956521739167;52.48367588932786
1244.6982622432859;23.67950236966861;52.483530805687
1244.6961325966852;23.679439621152692;52.48338595106531
1244.6947949526814;23.679376971609194;52.48316246056763
1244.7037037037037;23.679314420804143;52.48293932230082
1244.703937007874;23.679330708661777;52.482716535432864
1244.6978756884344;23.679346970889426;52.482494099134335
1244.6941823899372;23.67936320754753;52.482272012578406
1244.6912804399058;23.679379418696357;52.482050274940875
1244.6883830455258;23.679395604395967;52.4818288854001
1244.68;23.679411764706245;52.48160784313704
1244.6778996865203;23.679427899686882;52.481308777429255
1244.672670321065;23.679444009397386;52.48101018010943
1244.661971830986;23.679460093897077;52.48071205007805
1244.6473807662237;23.679476153245087;52.480336200156174
1244.6375;23.679492187500365;52.4799609374998
1244.6315378610461;23.679430132709182;52.479586260733605
1244.6240249609984;23.67936817472735;52.47921216848654
1244.6173031956353;23.679306313328496;52.47883865939185
1244.6144859813085;23.679244548286963;52.47846573208703
1244.606225680934;23.679182879377787;52.47809338521381
1244.5987558320373;23.679121306376715;52.477721617418155
1244.5905205905206;23.679137529137886;52.47735042735023
1244.5768633540372;23.67915372670843;52.4769798136644
1244.5717610550814;23.67916989914698;52.4766097750192
1244.5674418604651;23.679186046511983;52.47616279069747
1244.5755228505034;23.679202168861703;52.475716498837905
1244.5681114551085;23.679218266254228;52.475348297213415
1244.5568445475637;23.679234338747456;52.47490332559917
1244.5517774343123;23.679250386399122;52.47445904173085
1244.5482625482625;23.679266409266766;52.474092664092446
1244.5424382716049;23.679282407407765;52.47372685185164
1244.5420200462606;23.67929838087931;52.47336160370063
1244.540061633282;23.679314329738418;52.473073959938155
1244.5396458814473;23.67933025404193;52.47278675904521
1244.5415384615385;23.679346153846513;52.4724999999998
1244.5342044581091;23.67936202920866;52.47229054573385
1244.536866359447;23.679377880184692;52.47208141321024
1244.5310821181888;23.67939370683075;52.471872601688204
1244.519171779141;23.679409509202813;52.47166411042924
1244.5080459770115;23.679425287356683;52.471455938697105
1244.5015313935683;23.67944104134799;52.471324655436234
1244.5003825554707;23.67945677123219;52.471193573067886
1244.505351681957;23.679472477064582;52.471062691131294
1244.501909854851;23.67941176470624;52.4709320091671
1244.4900763358778;23.67942748091639;52.47080152671736
1244.488939740656;23.679443173150627;52.470671243325505
1244.4931402439024;23.679458841463777;52.47054115853639
1244.4904798172124;23.67947448591049;52.470411271896225
1244.476407914764;23.679490106545263;52.47028158295262
1244.4661596958174;23.679505703422414;52.47015209125456
1244.45820668693;23.679521276596105;52.470022796352396
1244.4646924829158;23.679536826120334;52.46989369779784
1244.4613050075873;23.679552352048923;52.46984066767811
1244.4564063684609;23.67956785443554;52.46978771796797
1244.4522727272727;23.679583333333696;52.469734848484656
1244.449659348978;23.67959878879673;52.46968205904598
1244.4485627836611;23.679614220877824;52.469629349470296
1244.4467120181405;23.679629629629993;52.46950113378664
1244.45166163142;23.679645015106104;52.469373111782275
1244.4498113207546;23.679660377358854;52.46924528301867
1244.4404223227752;23.679675716440787;52.46911764705863
1245.2456669178598;23.67926149208778;52.44700828937434
1245.2432228915663;23.6792771084341;52.44689759036125
1245.240030097818;23.679292701279522;52.44678705793811
1245.2458646616542;23.67930827067706;52.44667669172914
1245.251690458302;23.679323816679556;52.4465664913597
1245.2515015015015;23.679339339339705;52.446456456456275
1245.25056264066;23.679354838710044;52.446346586646484
1245.2458770614692;23.679370314842945;52.446236881559045
1245.2404494382022;23.67938576779063;52.4461273408238
1245.2320359281437;23.679326347305757;52.446017964071686
1245.2281226626776;23.679341810022805;52.445983545250385
1245.2189835575487;23.679357249626676;52.44594917787725
1245.218073188947;23.67937266616915;52.44591486183701
1245.2194029850746;23.67938805970186;52.445880597014735
1245.2155108128263;23.67940343027628;52.44592095451137
1245.2078986587182;23.679418777943734;52.44603576751099
1245.211466865227;23.679434102755394;52.44615040953072
1245.2075892857142;23.679449404762273;52.44626488095221
1245.1955390334572;23.679464684015237;52.446379182155965
